%YAML:1.0
---
model_type: PINHOLE
camera_name: camera
image_width: 480
image_height: 270
distortion_parameters:
  # k1: 0.647686243057251
  # k2: -2.6435024738311768
  # p1: 0.0003911113308276981
  # p2: -0.0005112768849357963
  k1: 0.0
  k2: 0.0
  p1: 0.0
  p2: 0.0
projection_parameters:
  fx: 230.39028930664062
  fy: 230.31454467773438
  cx: 239.93666076660156
  cy: 136.52784729003906
